1.0 2 8.40e-01
1.0 3 1.04e+00
1.0 4 1.42e+00
1.0 5 2.21e+00
1.0 6 3.96e+00
1.0 7 8.55e+00
1.1 2 6.54e-01
1.1 3 7.95e-01
1.1 4 1.06e+00
1.1 5 1.60e+00
1.1 6 2.67e+00
1.1 7 5.24e+00
1.2 2 5.15e-01
1.2 3 6.06e-01
1.2 4 7.92e-01
1.2 5 1.14e+00
1.2 6 1.81e+00
1.2 7 3.34e+00
1.3 2 4.05e-01
1.3 3 4.74e-01
1.3 4 6.07e-01
1.3 5 8.47e-01
1.3 6 1.29e+00
1.3 7 2.26e+00
1.4 2 3.28e-01
1.4 3 3.79e-01
1.4 4 4.68e-01
1.4 5 6.32e-01
1.4 6 9.20e-01
1.4 7 1.53e+00
1.5 2 2.67e-01
1.5 3 2.98e-01
1.5 4 3.65e-01
1.5 5 4.81e-01
1.5 6 6.75e-01
1.5 7 1.05e+00
1.6 2 2.19e-01
1.6 3 2.46e-01
1.6 4 2.93e-01
1.6 5 3.69e-01
1.6 6 5.11e-01
1.6 7 7.49e-01
1.7 2 1.83e-01
1.7 3 1.98e-01
1.7 4 2.32e-01
1.7 5 2.85e-01
1.7 6 3.82e-01
1.7 7 5.49e-01
1.8 2 1.52e-01
1.8 3 1.62e-01
1.8 4 1.89e-01
1.8 5 2.28e-01
1.8 6 2.92e-01
1.8 7 4.04e-01
1.9 2 1.27e-01
1.9 3 1.33e-01
1.9 4 1.52e-01
1.9 5 1.80e-01
1.9 6 2.32e-01
1.9 7 3.01e-01
2.0 2 1.07e-01
2.0 3 1.10e-01
2.0 4 1.25e-01
2.0 5 1.43e-01
2.0 6 1.73e-01
2.0 7 2.29e-01
2.1 2 9.09e-02
2.1 3 9.15e-02
2.1 4 9.94e-02
2.1 5 1.16e-01
2.1 6 1.37e-01
2.1 7 1.70e-01
2.2 2 7.77e-02
2.2 3 7.59e-02
2.2 4 8.42e-02
2.2 5 9.24e-02
2.2 6 1.09e-01
2.2 7 1.32e-01
2.3 2 6.56e-02
2.3 3 6.51e-02
2.3 4 6.99e-02
2.3 5 7.56e-02
2.3 6 8.87e-02
2.3 7 1.05e-01
2.4 2 5.72e-02
2.4 3 5.49e-02
2.4 4 5.63e-02
2.4 5 6.04e-02
2.4 6 6.90e-02
2.4 7 8.19e-02
2.5 2 5.04e-02
2.5 3 4.75e-02
2.5 4 4.71e-02
2.5 5 5.06e-02
2.5 6 5.62e-02
2.5 7 6.42e-02
2.6 2 4.36e-02
2.6 3 4.06e-02
2.6 4 4.10e-02
2.6 5 4.22e-02
2.6 6 4.48e-02
2.6 7 5.04e-02
2.7 2 3.85e-02
2.7 3 3.39e-02
2.7 4 3.43e-02
2.7 5 3.48e-02
2.7 6 3.70e-02
2.7 7 4.07e-02
2.8 2 3.36e-02
2.8 3 2.99e-02
2.8 4 2.80e-02
2.8 5 2.81e-02
2.8 6 2.97e-02
2.8 7 3.15e-02
2.9 2 2.91e-02
2.9 3 2.52e-02
2.9 4 2.41e-02
2.9 5 2.41e-02
2.9 6 2.49e-02
2.9 7 2.60e-02
3.0 2 2.58e-02
3.0 3 2.13e-02
3.0 4 2.04e-02
3.0 5 2.02e-02
3.0 6 2.05e-02
3.0 7 2.11e-02
3.1 2 0.0225
3.1 3 0.0174
3.1 4 0.0167
3.1 5 0.0163
3.1 6 0.0161
3.1 7 0.0162
3.2 2 0.0192
3.2 3 0.0135
3.2 4 0.013
3.2 5 0.0124
3.2 6 0.0117
3.2 7 0.0113
3.3 2 0.0159
3.3 3 0.0096
3.3 4 0.0093
3.3 5 0.0085
3.3 6 0.0073
3.3 7 0.0064
