1 2 0.0653520 0.84000000000 0.0817320 0.0443520 0.0589680 0.1136520 0.1520400
1 3 0.0647920 1.04000000000 0.0792480 0.0433680 0.0573040 0.1104480 0.1476800
1 4 0.0589300 1.42000000000 0.0793780 0.0427420 0.0570840 0.1103340 0.1471120
1 5 0.0609960 2.21000000000 0.0751400 0.0404430 0.0545870 0.1045330 0.1403350
1 6 0.0491040 3.96000000000 0.0665280 0.0364320 0.0495000 0.0942480 0.1263240
1 7 0.0453150 8.55000000000 0.0632700 0.0359100 0.0461700 0.0837900 0.1179900
2 2 0.0323461 0.10700000000 0.0428000 0.0225663 0.0303131 0.0610542 0.0834600
2 3 0.0331100 0.11000000000 0.0458920 0.0243760 0.0327800 0.0650980 0.0886490
2 4 0.0356500 0.12500000000 0.0474625 0.0252125 0.0339000 0.0673250 0.0916875
2 5 0.0373516 0.14300000000 0.0522808 0.0279851 0.0372801 0.0737451 0.1000571
2 6 0.0369701 0.17300000000 0.0509485 0.0270745 0.0363992 0.0718815 0.0975028
2 7 0.0388384 0.22900000000 0.0509983 0.0270907 0.0364339 0.0723182 0.0984929
3 2 0.0282613 0.02580000000 0.0374100 0.0192907 0.0262257 0.0539633 0.0747503
3 3 0.0255195 0.02130000000 0.0340800 0.0175725 0.0238922 0.0491583 0.0680961
3 4 0.0253286 0.02040000000 0.0354450 0.0184151 0.0249349 0.0508450 0.0701944
3 5 0.0263206 0.02020000000 0.0373700 0.0195617 0.0263792 0.0536068 0.0735381
3 6 0.0296040 0.02050000000 0.0398479 0.0208567 0.0281260 0.0568424 0.0776971
3 7 0.0292003 0.02110000000 0.0410142 0.0214671 0.0289492 0.0585061 0.0799711
