1.01 15 28.16544022900
1.02 15 46.66999999990
1.04 15 64.36775270520
1.06 15 66.70999999990
1.09 15 57.92000000000
1.10 15 53.64999999990
1.20 15 17.85000000000
1.30 15 4.73989839840
1.40 15 1.18200000000
1.50 15 0.29190022180
1.60 15 0.07318726070
1.70 15 0.01851000000
1.80 15 0.00479400000
1.90 15 0.00127128770
2.00 15 0.00034460000
2.20 15 0.00002705950
1.01 1 29.7329752178734
1.02 1 52.0093530109982
1.04 1 79.9384360783051
1.06 1 92.3255474993581
1.09 1 94.3028851183513
1.10 1 92.2121139148964
1.20 1 52.7320583622706
1.30 1 24.0671014101668
1.40 1 10.3155047597772
1.50 1 4.3785033270000
1.60 1 1.8868831372228
1.70 1 0.8202272271308
1.80 1 0.3651270801478
1.90 1 0.1664209939137
2.00 1 0.0775350000000
2.20 1 0.0179861739486
1.01 10 28.3947708934282
1.02 10 47.4330936939183
1.04 10 66.4898950485408
1.06 10 70.0360899353048
1.09 10 62.3052983259077
1.10 10 58.1819105246481
1.20 10 20.9930105520654
1.30 10 6.0453825477963
1.40 10 1.6348973270571
1.50 10 0.4378503327000
1.60 10 0.1190542773607
1.70 10 0.0326538340604
1.80 10 0.0091715775840
1.90 10 0.0026375950034
2.00 10 0.0007753500000
2.20 10 0.0000716042482
1.01 100 27.1167956850012
1.02 100 43.2594955930379
1.04 100 55.3038858457951
1.06 100 53.1278072676493
1.09 100 41.1647023800859
1.10 100 36.7103037614161
1.20 100 8.3574680322825
1.30 100 1.5185314395094
1.40 100 0.2591137644026
1.50 100 0.0437850332700
1.60 100 0.0075118170692
1.70 100 0.0012999725486
1.80 100 0.0002303796129
1.90 100 0.0000418030637
2.00 100 0.0000077535000
2.20 100 0.0000002850616
