1.01 15 0.737900 28.16544022900 0.521900 0.285400 0.377800 0.723700 0.956300
1.02 15 0.718600 46.66999999990 0.515600 0.282000 0.373200 0.715000 0.944900
1.04 15 0.717500 64.36775270520 0.512500 0.280300 0.371000 0.708600 0.937700
1.06 15 0.658700 66.70999999990 0.500000 0.273400 0.361900 0.691300 0.914800
1.09 15 0.638500 57.92000000000 0.495300 0.270900 0.358500 0.684800 0.906200
1.10 15 0.602200 53.64999999990 0.476600 0.260600 0.346700 0.660800 0.873300
1.20 15 0.499600 17.85000000000 0.404700 0.221300 0.292900 0.559500 0.740400
1.30 15 0.411600 4.73989839840 0.357800 0.195700 0.259000 0.493300 0.653600
1.40 15 0.368500 1.18200000000 0.307000 0.167900 0.222300 0.423300 0.560800
1.50 15 0.261700 0.29190022180 0.261700 0.143100 0.189500 0.362900 0.479600
1.60 15 0.206200 0.07318726070 0.217200 0.118800 0.157200 0.301200 0.400800
1.70 15 0.165600 0.01851000000 0.171100 0.092900 0.123400 0.238600 0.318900
1.80 15 0.128400 0.00479400000 0.147300 0.080000 0.106300 0.205400 0.273600
1.90 15 0.113900 0.00127128770 0.130500 0.070800 0.094100 0.182000 0.243200
2.00 15 0.090200 0.00034460000 0.112100 0.060400 0.080600 0.156300 0.210400
2.20 15 0.068500 0.00002705950 0.086300 0.046500 0.061800 0.120400 0.162000
1.01 1 0.737900 29.7329752178734 0.521900 0.285400 0.377800 0.723700 0.956300
1.02 1 0.718600 52.0093530109982 0.515600 0.282000 0.373200 0.715000 0.944900
1.04 1 0.717500 79.9384360783051 0.512500 0.280300 0.371000 0.708600 0.937700
1.06 1 0.658700 92.3255474993581 0.500000 0.273400 0.361900 0.691300 0.914800
1.09 1 0.638500 94.3028851183513 0.495300 0.270900 0.358500 0.684800 0.906200
1.10 1 0.602200 92.2121139148964 0.476600 0.260600 0.346700 0.660800 0.873300
1.20 1 0.499600 52.7320583622706 0.404700 0.221300 0.292900 0.559500 0.740400
1.30 1 0.411600 24.0671014101668 0.357800 0.195700 0.259000 0.493300 0.653600
1.40 1 0.368500 10.3155047597772 0.307000 0.167900 0.222300 0.423300 0.560800
1.50 1 0.261700 4.3785033270000 0.261700 0.143100 0.189500 0.362900 0.479600
1.60 1 0.206200 1.8868831372228 0.217200 0.118800 0.157200 0.301200 0.400800
1.70 1 0.165600 0.8202272271308 0.171100 0.092900 0.123400 0.238600 0.318900
1.80 1 0.128400 0.3651270801478 0.147300 0.080000 0.106300 0.205400 0.273600
1.90 1 0.113900 0.1664209939137 0.130500 0.070800 0.094100 0.182000 0.243200
2.00 1 0.090200 0.0775350000000 0.112100 0.060400 0.080600 0.156300 0.210400
2.20 1 0.068500 0.0179861739486 0.086300 0.046500 0.061800 0.120400 0.162000
1.01 10 0.737900 28.3947708934282 0.521900 0.285400 0.377800 0.723700 0.956300
1.02 10 0.718600 47.4330936939183 0.515600 0.282000 0.373200 0.715000 0.944900
1.04 10 0.717500 66.4898950485408 0.512500 0.280300 0.371000 0.708600 0.937700
1.06 10 0.658700 70.0360899353048 0.500000 0.273400 0.361900 0.691300 0.914800
1.09 10 0.638500 62.3052983259077 0.495300 0.270900 0.358500 0.684800 0.906200
1.10 10 0.602200 58.1819105246481 0.476600 0.260600 0.346700 0.660800 0.873300
1.20 10 0.499600 20.9930105520654 0.404700 0.221300 0.292900 0.559500 0.740400
1.30 10 0.411600 6.0453825477963 0.357800 0.195700 0.259000 0.493300 0.653600
1.40 10 0.368500 1.6348973270571 0.307000 0.167900 0.222300 0.423300 0.560800
1.50 10 0.261700 0.4378503327000 0.261700 0.143100 0.189500 0.362900 0.479600
1.60 10 0.206200 0.1190542773607 0.217200 0.118800 0.157200 0.301200 0.400800
1.70 10 0.165600 0.0326538340604 0.171100 0.092900 0.123400 0.238600 0.318900
1.80 10 0.128400 0.0091715775840 0.147300 0.080000 0.106300 0.205400 0.273600
1.90 10 0.113900 0.0026375950034 0.130500 0.070800 0.094100 0.182000 0.243200
2.00 10 0.090200 0.0007753500000 0.112100 0.060400 0.080600 0.156300 0.210400
2.20 10 0.068500 0.0000716042482 0.086300 0.046500 0.061800 0.120400 0.162000
1.01 100 0.737900 27.1167956850012 0.521900 0.285400 0.377800 0.723700 0.956300
1.02 100 0.718600 43.2594955930379 0.515600 0.282000 0.373200 0.715000 0.944900
1.04 100 0.717500 55.3038858457951 0.512500 0.280300 0.371000 0.708600 0.937700
1.06 100 0.658700 53.1278072676493 0.500000 0.273400 0.361900 0.691300 0.914800
1.09 100 0.638500 41.1647023800859 0.495300 0.270900 0.358500 0.684800 0.906200
1.10 100 0.602200 36.7103037614161 0.476600 0.260600 0.346700 0.660800 0.873300
1.20 100 0.499600 8.3574680322825 0.404700 0.221300 0.292900 0.559500 0.740400
1.30 100 0.411600 1.5185314395094 0.357800 0.195700 0.259000 0.493300 0.653600
1.40 100 0.368500 0.2591137644026 0.307000 0.167900 0.222300 0.423300 0.560800
1.50 100 0.261700 0.0437850332700 0.261700 0.143100 0.189500 0.362900 0.479600
1.60 100 0.206200 0.0075118170692 0.217200 0.118800 0.157200 0.301200 0.400800
1.70 100 0.165600 0.0012999725486 0.171100 0.092900 0.123400 0.238600 0.318900
1.80 100 0.128400 0.0002303796129 0.147300 0.080000 0.106300 0.205400 0.273600
1.90 100 0.113900 0.0000418030637 0.130500 0.070800 0.094100 0.182000 0.243200
2.00 100 0.090200 0.0000077535000 0.112100 0.060400 0.080600 0.156300 0.210400
2.20 100 0.068500 0.0000002850616 0.086300 0.046500 0.061800 0.120400 0.162000
