0.72503546199096591 1.4019620378106559 2.2934335921588533 3.521492725283057 4.9123638826616869 6.3013192755157732 7.6528139271910023 10.76677486568796 15.628158040391561 13.451717564892339 10.089230639551788 6.989956920051462 5.4618063143204081 2.9887909916945756 2.63587598684212 3.0403206749828167 2.8034866796510967 2.2011550430931717 1.7050673594680628 1.4271491631854989 1.1821191586407598
0.54383604416458586 1.0841496813851552 1.8387257166062314 2.8030613902896744 4.0001048601764237 5.0933797601233346 6.24382721102043 8.8468215124144365 13.105077214263423 11.395491579435879 8.6850182911846225 5.9153464245136815 4.6155272635603097 2.4217306394472122 2.0367887043571824 2.2661949324725286 2.0691259665075679 1.5882739287624104 1.1811544708449548 0.92982451567460744 0.73524178922773531
0.5271894493054502 0.96743581030443337 1.4794178129902205 2.2676598424220584 3.0296263765396931 3.9004490756810211 4.6315777500289546 6.4381860999842999 9.8997157477191102 8.8361358586446812 6.3454481073064644 4.1908484249860454 3.1797945094851836 1.8161101951492877 1.7146233066935972 2.0312125354787516 1.8411157048429181 1.4693005944261639 1.1730556762492994 1.0304170150089622 0.89428594297699893
0.68905099924800184 1.2622087529382133 1.9249034580215592 3.1507446316105576 4.2651719675143882 5.3945529852150615 6.8315830768772017 11.315925743247021 17.731687310260174 15.466966741892817 11.394387411106393 7.8105218436779902 6.0095205031187753 3.1546623785805732 2.9973801005374012 3.2832274477707171 3.2320598809347234 2.7943503649700685 2.3238074254714087 1.95110541934597 1.6872572237535304
0.53644234284776438 1.0208304543757911 1.6304047062772615 2.5485635220408573 3.5676107469480929 4.2236898845992599 5.6580762106169358 9.1126974352339047 15.010471202695699 12.627846326753588 9.4304447413052674 6.1290769488786898 4.4807722134632861 2.6546006271353093 2.3915354717162618 2.3602809785650876 2.2875386671460358 1.861194538536656 1.5210280384940094 1.1705910192724838 1.0055308152261628
0.45638572912059955 0.84664011124896243 1.1873104751445169 1.8612035559334892 2.4248497516235528 3.1745614046591455 4.0294628195858362 6.1050991661810654 10.366052605645871 10.120071162401604 7.2376904064651448 4.7887696864717455 3.5870329882946583 1.8217946130830525 1.813040156433904 2.1653558566955855 2.0976183953812133 1.92043704604159 1.6400515698168658 1.4867544057167017 1.295705707770755
0.73846654187315142 1.2675870471063104 1.162059397781708 3.4217696170623078 4.6637077486864911 5.8720325707973116 7.0524186867053551 9.0531560565308826 12.416377595083148 9.7284286292121465 6.1321276726620653 3.5603676487775795 2.6951476872057887 2.1305570981724391 1.5096204356366147 1.7366667373254272 1.6027343058358938 1.2618902524682216 0.97081766530853431 0.78447125679969643 0.60230946432069166
0.48405146262999804 1.0167537170264622 1.8188801056122261 2.7843471710844021 3.9085953703932361 4.7519736112489444 5.6721681243991338 7.2586162191016834 9.7128357082248051 7.3847423800446048 4.629151304300442 2.8032146929371935 2.1030780276218133 1.7451597143799233 1.1887309230496643 1.4221723477482555 1.3388280845144631 1.0294725262080975 0.77199704069975794 0.59029798087739871 0.42717088594705649
0.56117595856053037 0.75778356851203066 1.1955892763615463 1.9299812837809145 2.4694315073899817 3.3296206363639014 4.059374300646966 5.3400882614214069 7.6742221575858975 6.4199390040091338 4.1714543576848984 2.4478534545111077 1.940186594957743 1.3246723538139713 1.0005718446694765 1.0392613718655073 0.85908248257987496 0.69690393850651855 0.55376755305898651 0.49004534158185459 0.40714726638210708
0.60455014298984278 1.1290969107631459 1.9056825977228522 2.6876967060901324 3.6017295943570415 4.6212977622735272 5.4555868339296296 7.4610967211355748 11.117039100252677 11.910462542671034 10.54178533848355 7.908793515003504 6.1498380537876143 2.1420006964581408 1.8302317667316086 2.638627254848577 2.5794911813370018 2.0484428690015046 1.5418524435563652 1.1690750907437419 0.87691998726747233
0.43106655256674481 0.79772822530960719 1.3643571324839512 1.9130847034986169 2.6256876884408098 3.2546612614908601 3.9278854501959608 5.509426296754496 8.3423762835626256 9.3507395026202076 8.6947059163413289 6.5394468442878733 5.1528523630479519 1.7403989498619148 1.4290137174623603 2.0573588648811327 2.0053268338032093 1.5409728230179285 1.1066356606819383 0.81032745936008377 0.5754465240555463
0.41493735341666449 0.77208550774212192 1.2677367523938856 1.7618291916213324 2.2600793126063659 3.0102347606799045 3.4971002842326304 4.9493330804799607 7.6116527273144801 7.9701542408244084 6.430342541806124 4.6166724872409759 3.4787474230120199 1.3204116379667297 1.207590586876278 1.6407706646299587 1.5831328156608335 1.3194753362017164 1.0541734441616006 0.82921597415500348 0.65346819061715522
0.5149532014848377 0.97075850889245296 1.6312372826837571 2.4604590319109829 3.3313138358265419 4.1702309436785159 4.9345134423130341 6.3951659310857316 9.2033241412897837 9.1315664958255791 7.8935611666007617 5.7789002788967512 4.7477390924582767 2.3712593861453835 2.0410357522307163 2.7923555550469583 2.9025291794379413 2.7605262662716292 2.3440578355856041 1.9525895612770516 1.5253482517194357
0.38720473683549805 0.7704321510736154 1.3407513805950484 1.9751438298012487 2.7592586010843747 3.3986603511004123 4.0948708945408709 5.0874146384792276 7.141554052995513 7.3735923527337039 6.3981782135739325 4.4993117884923493 3.6128438201997395 1.9957924668134979 1.6172486256159744 2.0700583812551292 2.0872079439862214 1.8773812300930062 1.5425936697702296 1.2307011036399409 0.91245038556701041
0.36421906681599303 0.65253106511892733 1.0480626264169475 1.6769573606825214 2.1832844959519546 2.8445780065792787 3.2807129187072759 4.4425265173947448 5.848965466729056 5.62660830155267 4.5858356282568575 3.3113254545126525 2.6657368549346909 1.3591243518848795 1.2846117476665635 1.6800566598495936 1.7727433581786158 1.8385474999081957 1.6395976279054831 1.4316350441891559 1.1680979908339038
